1000 outputs of IRanGen
     1067595299      955945823      477289528     -187748513      -65990820
     -950634582     -939387601      227628506      810200273    -1703677129
    -1734706621    -1052231088      646746669     1479517882      -49495023
     1143372638     -431296802    -1073945326     1773610557     1138697238
     1421897700     1269916527    -1435033255     1764463362     -420075249
     -329647375       72549643    -1910978366    -1694748603    -1057474916
    -1502065820      725331109      605841842      271258942      715137098
     -996967760     1322965544      -65388187     1395091102     -559269576
     2101727825     -564679552    -1344532966     1661921839    -1399387714
    -1924455817     1004092106    -2047870615     2111242379    -1057622033
     -212542537      219785033    -1840927407     -585384325      835606218
    -1883017413    -1559762266      756421180    -2119757592     1873865952
    -1532433059     -133159442     -943867956      181129879    -1025075400
      776029799    -2076805317    -1293221500     1866825872     2133627728
       34862734     1191934573    -1192655942    -1378449533     1012402762
    -2110135979      -37567847    -1395470158     -476872234    -1264210562
     1282161629      420003642    -1968545819    -1553511579     1278020671
     -550787675      271777016    -1668637278    -1734403305    -1238989596
      -61439730     1228397661     -699387974     1077915006    -1899035398
     1851927286    -1281283790     1999971931    -1288078334     1049781534
     1488758959     -803191066      104418065    -1846699999    -1219353181
     -422634696      891912190     -358419537    -2025786333    -1661512212
     1047636807    -1690354919    -1585661567     1952216715      207593580
    -1445069262      670771757    -2084496188      467711165      263046873
     -725299381     1042291111     -431450217     1464270005    -1536645944
     -504167480    -1993688572    -1188685866        7974801    -1502505660
      555991332      621766759     1322453093      853629228      686962251
     1455120532      957753161     1802033300     1021534190     -808919985
     1902128914     -593829240     -118542633     1795608698      560858864
     -557214542    -1153796298     1553553385     -927160022      711546358
    -1819841793      262969859      251416325    -1314890302     1806565895
      969527843     -765640123    -1558624256    -1307770562     1649016367
    -2088791485    -1246792495     -632463743    -1156115684    -1634823492
     1663017612     1816683231      411916003     -407505982    -1947923217
     1015311755     1203592432    -2124019530    -1725546580      813872093
     1105387678     1431142475      220570551      -51334581     -115375441
    -1687498165    -1204354055      282341803     1734241730     1391822177
     1001254810      827927915     1886687171     -359869949    -1663178582
     -389804030      110554195    -1847011650     -577764321     -990174221
     -555352817    -1235839828      953919171    -1704843582     1132511021
     -499373617    -1506936867      982155079     -822617740      859942552
    -1613959905    -1995343243      647443547      233600422      608168955
     -605639843     1849778220     1608438222     -326808939    -1601989520
    -1443094724      246750393     -712148668     -965314987     -258600386
     1012970930      950780808     -335198552    -1756417251      191422718
    -1636824921    -1018598285    -1367229812     1234200027     1920815603
     -758892607     1535612501    -2110825225    -1018012242      428488088
    -1916555312     -235197746     -381222555    -1562828050       64369859
     -539297222      842839565    -1475072830    -1880248323     1010060670
     1839715346    -1884656160      152774329     -809957816     -192865784
    -1442242992      879944024     1785007662    -1546682833     1354768064
    -1027182560    -2025839579    -1293726535    -1115170533      895723219
      865924942       -3396359       89355264     1471026971     -180786551
    -1093027545    -1427490297    -1834101236     -691092725    -2056086864
     -986551128     2072246611    -1539313457     -521230048     1709066580
      -12235829    -1548797126    -1462398966      433439009    -1119188564
       26248366    -1743584495      183214346     -401627780     1928168445
     1337157619     -865870742    -1019796396     1782047316      -30563540
     1876594403       -5307724    -1071132402     1728705513     -226722562
    -1427127009     1147798696      302879820     1730407747     1923824407
     1180597908     1569786639      198796327      560793173     2107345620
    -1588976980     -846195190     -616593141      758635715      884524671
      486356516     1774865603     -413741070    -1659753689     1181121587
     1508809820    -1115979055     1594193633     1235154121      326117244
    -1990935871      937054774    -1607551351    -1102577956     2003740439
     1823766188    -1535423894       10067710     1533252662     -162472312
       82378136      420615890     -827404133      541562091     -759017432
    -2017648099     -964144443    -1079313122     -181135317      -89970305
    -2132718963    -1039873774    -2075878387    -1316688259      255818579
    -1435618668    -1197686985    -1725246173     1861951120    -1387887217
    -1575500130      998319094    -1773032169    -1890841958      259456032
     2086860995     1839848496     1893547357    -1766969771     1489393124
    -1434111947       76448234    -2030033261      744914583    -1708176037
     1385380501       66529922     1819103258     1899300332     2098173828
     1793831094      276463159      360132945     -116755238      595015228
      177071838    -1494887006     1573557746     1548998935      378454223
     1460534296     1116274283    -1182582233     -585205500      827999348
     -714924449     1913901014      614021289      -16439273     1905177404
       45407939     -996784062     1184848810     -650040966     -371331837
     1627046213     -617090537      969772772     1160524753     1522441192
      452369933     1527502551      832490847     1003299676     1071381111
    -1403711820      973747308     -208070188     1847554542     -399315698
    -2067146957     1621250941    -1413622605     -711401475     -784562798
      849362119      862871471      797858058    -1427192364    -1473684684
    -1022564150     -296987391      209178708     1805135652        6783381
    -1471605873      792580494      -31217526      776439581     -496773473
    -1441523202    -1565459822     1071873341     1329010206     1289336450
     -967286538     2011491779       80157208      922428856     1158943220
     1667230961    -1833944476    -1686122137      387516115     -949615386
     1495629111     -196813139    -1138317683     -769268697     -160059259
      446713264     2137537399     -677563784      813966752     1157943946
     -560274331     1680301658    -1114568823     -785112585    -2066852684
     1008102291      486805123      863791847    -1105842006     1050308116
     -517625770       -3240795      844061465     1347461791    -1468485715
      745465012     2055805750      -34757821    -1908274199    -1314320555
      447229436     2077782664     1232942813     -271964564     1399011509
    -1154397447    -1715058074     -500109825      900758066    -1407767613
     1720257997     -927472365    -1626046067      955539029     -476240864
     1105704962     -405760041    -2017597989    -1548482791     1761846513
    -1881050512    -1609840211      -54709353     1166726899      -79751581
    -1212875229     -334505350     1663304043     2087473241     -132377310
    -1787656518     1579665506      767234210      970676017      492207530
     1441679602     1314785090    -1032764726     -877875554     1561989210
    -1283560516     1146609202    -1032646256     1374872171     1634688712
     1280458888    -2064943314      419323804    -1032067496       39783310
     1641619040     1700368658    -2087020668    -1723666357    -1870887530
      780290914    -1579772200     -904009601      163151474    -1985432754
     1860018424      555755123      280320104     1604831083    -1581944913
     1728987441     -655011794      623065489     -466336349      -19488246
     -778619913    -1951016101    -1864289540      635534992     -426267547
      808442435    -1224323227      -12801293     2093181383     2023555632
     1568662086     -872594676     -160444946    -1277987753    -1035647062
    -1406936567    -1109713420      -36187653     1267304371     1022517473
      815943045      929020012    -1299716278     -923684000     -686938247
     2018485115      122123397    -1484298146     1411365618     1238391329
     1186786476    -1138998205    -2052025986     1765554882      279121160
      -15128781     1641578514     -498643281       13351065      103516986
     1609694427      551411743    -1801195687     1316337047     -362316440
     -105267093      463397996    -1357232230     1855616529    -1668119306
       55091862     -471616085      753448970     -249921796     1274127772
     1124182256       92039808     2126345552      425973257      386287896
    -1705097105     1987762798     -210140323    -2122510611     -928383841
     -692000643    -1916163761    -1393202863     -578038290     -584808296
    -1641518141     -825224666    -1198522820     -362402643    -1699709863
      318974657    -1148764812      853571438      144400272     -526558455
      782634401    -2133858293      570039522     1886241521       14249488
    -2064163068     1604941699     -366253961     -373024787    -2139160404
      134366254      430507376     1924011722      276713377      196481886
     -680156304     1610021185     1785757066      851346168     -533818653
    -1376131654     -930544911    -1282682830     -559008445    -1651813404
     -516359065     1164289832      205853021    -1418855065     -791569014
    -1216570295     -822929375     1748894853    -1554105821      316056182
     1660426908      168885906      956005527     -310612507      566521563
     1001109523     1216710575    -1342682539     -460534215     -452358995
    -1827614888     -320526032    -1038365551     1409353924     1329904859
    -1987407003    -1169749417     -672047112     -462181612     -412601345
    -1986430181    -1635812268     1450441945     -762709693    -1108643102
     1225603425     1124246549      175808705    -1285824977    -1498257137
     -642977189      160762750     1902254979     1698648476     1134980669
      497144426     -992277961     -237481666     -691436533     -207714709
      427812652      286876201      823134128     1627554964     -549402969
    -1705741204      -92942802       62878473    -1019381402     -307843232
    -1503190137     1916869511    -1709105391     1375038919     1403421920
       60249114     -483096846    -1273469287    -1681974094      528933105
    -1537605975     -953564332    -1673105596      273128190     -279715118
    -1200186294     1621621288    -1957356119     1796718448     1258965619
      -53054156     2138560392    -1272777073     -120786372      450094611
    -1020242716      617150026    -1590306631     1469700689     1341616587
      356715071     1188789960    -2016098161     1766569160    -1499070661
       57824704    -1401470916     1235723989     1630694347     -367006774
      428891364     1814070806    -2006967509     -169026112     -326863407
     -746243246     1025597707     1404281500     2002212197       92429143
    -1981023352    -1891881216    -1288786662     -732985532     1671860914
     1768520622     1803542985      844848113    -1288827375     1410888995
     1157749833     2125704913     1789979528     1799263423      741157179
    -1889104987      767040434    -1639725906     -631547117    -2122958200
    -1783036109     1680542666      231857466     1154981000      157168255
     1454112128     -789095197     1929775046    -1985544946     2143329496
    -1334250394      407610648    -1356859167    -1713217697      538837155
    -1952338429      430543915      740188568     1937713272     -979752164
     2085587024     -264201609      766054429     -777325457      689721775
     1294158986     1753287754      -92365948     1974852792       33459103
     -726879761    -1150289861     1686130825     -160024283    -1289228861
     -695673910      426570142      754104406     -634074732     1964545167
      829466833      821587464     1746693036     1006492428     1595312919
     1256599985     1024482560     1897312280    -1392064095      691790057
     1037515867    -1118136088     1968401055    -2121460472     1089055278
     1748401123    -1353587214      968412354     1818753861    -1321766430
     -419015522     1119354008     -306363157     1647155589    -2062516470
     -808909285     -639183253     -535708834      847163678     1082052057
      989516446    -1423425541    -1098656226     -365004218      658187585
     -630022655    -2119818126    -2091258149    -1538952607    -1838493377
     -404699906     1293787864    -1464619312    -1235686365     -136164776
     1561677400    -1708396358      783570352     1355506163       31495586
     -505529953     -954417867     2092501630      896419368      671715824
     -764517215     -691413158     1055991716     -852659077     1499434728
    -1164678823     -655460296       17769680    -2035225876      487032199
      -67823894     -601196040     1880482820     -370156500      381462353
     -277111305    -1842932353    -1558286463    -2085100911     2128986379
      437874044      595759426      641721026     1636065708     -395830363
      629879088     -703792790      351984326    -1656183752    -1946523015
    -1953362636     2123933692      143443325     1525942256      364660499
      599149312      939093251     1523003209      106601097      376589484
     1346282236     1297387043      764598052     -553749185      933457002
     1886424424    -1075336280      525405256    -1280731677      323149677
     2038881721     -194838253    -1443252195    -1310939218     1888574695
     2014194741     -779773416     -114393766     -833142933    -1652971799
    -1115737051    -1392672313    -2077646840     -254115141     1784656905
     -983060365       87498458    -1541995478    -1659492999    -1463751930
     -612736190    -1374923403     -522037592    -1478592352      309949752
    -1911208442      154870719      385111597     1191604312     1840700563
      872191186    -1369418595     1310412747     2102066999     1504727249
     -720668546     1191230036     -964392030    -1114675199     -755619575
      681369118     -989841544     -646733699      950049240     -121709603
     1760124957      512151405      681175196      580563018     1169662867
     -279933742    -1607186195      699691603    -1621473108     1137221356
      123599888      472658308     1053598179     1012713758     -813902453
     -535506283     -313509340     -464379634     1877191791     -643970560
      988064871     -779505696     -205890064    -2069819848     1249609188
    -1651815433     -398763161    -1877971395     1397735321     -834941650

1000 outputs of RanGen2
     0.26275443     0.49000644     0.48670464     0.60143112     0.77933125
     0.19867227     0.44218740     0.53427201     0.28842173     0.78180608
     0.42179002     0.70785655     0.04534773     0.19644020     0.88107718
     0.73978165     0.15286910     0.57514568     0.72765211     0.44872929
     0.24557914     0.12664415     0.04708246     0.40959343     0.92043116
     0.36334511     0.69189126     0.64718544     0.20259889     0.13426346
     0.27408121     0.54531601     0.54605807     0.38595519     0.19398270
     0.55377184     0.11711170     0.55565708     0.60133577     0.91500776
     0.41810699     0.72320679     0.73353705     0.42871862     0.48897234
     0.69786706     0.30558809     0.56961067     0.05840445     0.40479405
     0.13288060     0.45009721     0.04948447     0.70645042     0.95000959
     0.37050869     0.20806991     0.69406895     0.29286390     0.99332866
     0.28483914     0.25145146     0.62341941     0.92030252     0.66728160
     0.09906494     0.87575460     0.47815160     0.89815952     0.93595080
     0.54952478     0.83917805     0.26509902     0.11034321     0.40654701
     0.42915732     0.35365931     0.68812377     0.15913428     0.78814566
     0.09476081     0.77835931     0.10722542     0.18310435     0.19387186
     0.53699800     0.15897714     0.67527003     0.52889304     0.36777366
     0.62352068     0.41439461     0.82022990     0.94445731     0.84903686
     0.24639273     0.15918367     0.42492794     0.81872642     0.27749724
     0.35413832     0.26385624     0.82744211     0.41326300     0.77458185
     0.72190155     0.69865383     0.81227402     0.35321225     0.34243342
     0.28544200     0.21854080     0.42503892     0.32703064     0.38306297
     0.97284073     0.20059042     0.98003761     0.88671694     0.10465770
     0.91747204     0.97163243     0.22750808     0.15830223     0.60955369
     0.14215401     0.73456345     0.45944940     0.22822249     0.90888451
     0.19980355     0.76677428     0.07333635     0.89791582     0.35377858
     0.26962816     0.22004885     0.40903087     0.01376506     0.87732665
     0.62691640     0.21249738     0.31217908     0.87037313     0.82772374
     0.64238259     0.55614811     0.24363008     0.89773267     0.44859135
     0.81452454     0.61730313     0.12962618     0.83334237     0.95547255
     0.60089665     0.06550662     0.10539371     0.66027624     0.63245301
     0.10959939     0.54671662     0.49356286     0.07660859     0.90269560
     0.95274629     0.56699735     0.35064246     0.37742744     0.04508392
     0.37242982     0.79321385     0.17660627     0.18230715     0.29052073
     0.98592054     0.75186266     0.43769755     0.78565487     0.97219067
     0.49054882     0.63155240     0.97110470     0.48556600     0.34397623
     0.62875246     0.40953202     0.99129015     0.73792727     0.29481194
     0.94337770     0.46564297     0.17749118     0.05684872     0.77286897
     0.29538393     0.11965356     0.72487929     0.52226018     0.99248200
     0.92247006     0.41797788     0.49250134     0.73449967     0.02531508
     0.60246337     0.28685622     0.84310922     0.39892996     0.90454552
     0.18608407     0.80752487     0.33601319     0.04956031     0.13777550
     0.32199797     0.74890696     0.98801123     0.98661910     0.01223987
     0.82969635     0.81075073     0.71393155     0.23453207     0.65565705
     0.08584522     0.78976728     0.47621478     0.11498701     0.73891470
     0.78518540     0.96809591     0.68371914     0.87597910     0.63492176
     0.16849449     0.32811466     0.06240330     0.87548956     0.77562998
     0.77521910     0.24096121     0.27176757     0.63748143     0.49747138
     0.42504502     0.59175241     0.71389176     0.71766512     0.81183245
     0.73271221     0.71207367     0.07903312     0.27523344     0.63242613
     0.81037988     0.51204835     0.21652949     0.34487594     0.64982178
     0.07423142     0.95677888     0.98420169     0.03465428     0.02667473
     0.96880526     0.99849733     0.55670710     0.29022476     0.53872047
     0.71697212     0.70443086     0.78949326     0.31678186     0.37629474
     0.42297064     0.77373097     0.34625273     0.01505586     0.50582792
     0.83295971     0.41848412     0.42537226     0.41760033     0.57541125
     0.21745848     0.11158698     0.50941650     0.53135554     0.21527471
     0.74821915     0.13636652     0.36159918     0.76450229     0.10160194
     0.85557725     0.74477500     0.57186456     0.01757096     0.12120362
     0.47981062     0.19954667     0.71065616     0.63382753     0.77693186
     0.09644095     0.21500764     0.54110751     0.45730081     0.41600724
     0.97704678     0.76183479     0.84706971     0.57545431     0.79398385
     0.43236070     0.10486023     0.98015011     0.58870451     0.95548581
     0.41872718     0.88142712     0.60668643     0.51397541     0.54520355
     0.43822273     0.68011940     0.07577277     0.41427606     0.80911399
     0.45853475     0.73611214     0.19619891     0.19601980     0.26765372
     0.08515930     0.99479057     0.61288752     0.47187699     0.82095365
     0.07563608     0.90760618     0.28703383     0.93261152     0.40877651
     0.34686346     0.60599030     0.22872803     0.69315490     0.16152912
     0.60210518     0.56257876     0.97950688     0.97062066     0.22701157
     0.98915116     0.16110261     0.10170685     0.74516994     0.62726050
     0.53451185     0.40864994     0.33494878     0.44800035     0.41035206
     0.64480751     0.38458997     0.03498312     0.65963215     0.05378627
     0.85171349     0.78719791     0.59097957     0.50667896     0.82309622
     0.37561479     0.92534520     0.41748977     0.23908457     0.91793223
     0.49279792     0.37908370     0.78458072     0.09132853     0.48672190
     0.78547393     0.59452165     0.39910674     0.03681109     0.87931425
     0.12683489     0.06609740     0.74801549     0.02948179     0.48328855
     0.16403523     0.05523786     0.25886666     0.34784685     0.36829981
     0.21448906     0.34670080     0.93922919     0.70771016     0.14157936
     0.75664246     0.23055695     0.36395782     0.15852932     0.49061803
     0.90280575     0.89146298     0.57291005     0.47200603     0.70555729
     0.09616495     0.58138254     0.95796388     0.83681125     0.83989127
     0.68717090     0.03545811     0.10550838     0.36520709     0.84290701
     0.22743276     0.23023855     0.84195926     0.15019733     0.52765254
     0.22575740     0.82709576     0.53420866     0.76061893     0.06997511
     0.78439072     0.34422744     0.27637570     0.05982168     0.56720327
     0.08449067     0.21657369     0.65819609     0.08042821     0.57947911
     0.90193792     0.61376012     0.38762938     0.17532159     0.21223735
     0.77829114     0.54806073     0.71144026     0.08830274     0.54140071
     0.93215628     0.62952729     0.44668759     0.37391019     0.48382450
     0.77750768     0.40849647     0.40962737     0.09269720     0.46102026
     0.99544979     0.82007095     0.12585546     0.53119821     0.35953001
     0.72017528     0.55834068     0.30731217     0.03799961     0.24166948
     0.27426600     0.93938444     0.04862081     0.08575513     0.65886492
     0.23214332     0.61649057     0.27463977     0.35788827     0.67061997
     0.16838056     0.46076133     0.57949296     0.18521946     0.39986254
     0.55667410     0.62741385     0.33470977     0.13969104     0.96612929
     0.60200126     0.51194925     0.60476340     0.40285217     0.81221221
     0.82980614     0.96041971     0.02024973     0.55425470     0.78330912
     0.10426543     0.50598243     0.47244013     0.71135841     0.28561597
     0.28428734     0.13422849     0.82909934     0.94771136     0.77380750
     0.64966697     0.68156268     0.15686758     0.78726350     0.47074787
     0.13676171     0.46649494     0.74526295     0.58297372     0.04257548
     0.53166785     0.83735355     0.65946671     0.52102971     0.96228045
     0.61892296     0.83408336     0.79875681     0.79847692     0.23767569
     0.52080745     0.12980060     0.58082293     0.72993106     0.75031439
     0.37787525     0.95150053     0.63673441     0.13407612     0.47907688
     0.02241942     0.00580158     0.56273902     0.55270283     0.27031811
     0.55113352     0.74393329     0.25036441     0.87436336     0.72877652
     0.09975358     0.35707591     0.38691457     0.35547165     0.86641027
     0.08720133     0.95462835     0.59243817     0.82981586     0.57820411
     0.75421519     0.86004706     0.10092307     0.96192412     0.86758683
     0.48424170     0.58019934     0.18594024     0.95826386     0.79962317
     0.29365413     0.39231296     0.99478547     0.37645944     0.73590734
     0.78106737     0.25026285     0.58136314     0.29582424     0.26010628
     0.32792971     0.77947652     0.22482861     0.32191216     0.96171689
     0.29189752     0.46043686     0.01609668     0.38995725     0.78998963
     0.05191845     0.53934737     0.33033700     0.99553013     0.48009549
     0.69017594     0.48347750     0.83452066     0.37144372     0.22106301
     0.21272114     0.21465963     0.38361677     0.35571283     0.23782329
     0.70920458     0.84855153     0.96766817     0.52780062     0.24898344
     0.53680650     0.94866557     0.27426312     0.41025891     0.75195236
     0.37319953     0.13265037     0.75552148     0.77422476     0.45217406
     0.89281839     0.16441573     0.59158900     0.44515992     0.57800798
     0.52507888     0.89901462     0.67382573     0.62141278     0.35502334
     0.69902911     0.52160210     0.94460522     0.64688742     0.18020336
     0.21323733     0.10922473     0.45400380     0.49611159     0.40897777
     0.91073520     0.16206647     0.82064685     0.12805003     0.00677209
     0.02690101     0.37473387     0.23918362     0.89826974     0.93683919
     0.30459118     0.82422684     0.51958019     0.45319576     0.48326137
     0.33931735     0.19060863     0.83671416     0.18062550     0.15152380
     0.83392969     0.53451730     0.45227244     0.18200635     0.35074171
     0.14721009     0.01234433     0.23402047     0.50969637     0.43835057
     0.30803854     0.81485260     0.70089527     0.51323282     0.09933780
     0.81584602     0.70209563     0.83754800     0.18604181     0.74443049
     0.69952227     0.28162632     0.60336988     0.61360736     0.73536740
     0.73262256     0.17803776     0.98749791     0.24658435     0.42156640
     0.06706407     0.86683221     0.49157136     0.73421374     0.95183767
     0.41609720     0.35573315     0.87706276     0.27042618     0.80891908
     0.90709595     0.56944866     0.11342849     0.38817388     0.08734506
     0.48711323     0.64744128     0.13242656     0.37704136     0.18347125
     0.34446569     0.93265239     0.75146321     0.54130111     0.84259839
     0.42697368     0.90878778     0.06990338     0.26204273     0.69820348
     0.16314909     0.52482844     0.56669207     0.00205581     0.76084093
     0.15139159     0.91650223     0.59733904     0.06344203     0.12651696
     0.17332139     0.08037374     0.97258086     0.71010758     0.55713135
     0.39390629     0.60781246     0.82037450     0.57628388     0.84227964
     0.92190597     0.08201860     0.27363549     0.99595133     0.36031236
     0.33906769     0.31098161     0.76694195     0.64215941     0.38210306
     0.03634237     0.62090720     0.32480459     0.25930318     0.81847147
     0.42768077     0.51037616     0.06201727     0.38107122     0.85925856
     0.35860762     0.11109408     0.20408301     0.08434977     0.42192494
     0.12667915     0.25988365     0.56858761     0.86156496     0.08057195
     0.63636150     0.07719713     0.09340255     0.13530602     0.72976282
     0.21915530     0.91162531     0.13979565     0.59931342     0.29344045
     0.60893790     0.34450224     0.73122236     0.49485593     0.23637397
     0.67276368     0.63357764     0.24965804     0.14991737     0.11990341
     0.91523170     0.55878239     0.55687301     0.55497131     0.92868366
     0.92571090     0.75810502     0.39642955     0.80439758     0.89310223
     0.61357431     0.54288255     0.73397550     0.61200634     0.35621396
     0.39733974     0.87508865     0.92077265     0.18597384     0.22781399
     0.69296476     0.11699087     0.81667128     0.17756410     0.50177323
     0.55725176     0.29474693     0.68885238     0.56724856     0.18193156
     0.92202167     0.72082041     0.78554673     0.14995708     0.37851940
     0.79124547     0.11009521     0.37374537     0.55743712     0.19902994
     0.31925115     0.95653873     0.87236821     0.81118709     0.02734307
     0.89672836     0.88185294     0.80163915     0.67374510     0.54913278
     0.40404879     0.75742801     0.08266467     0.47663209     0.29823377
     0.86437958     0.65206043     0.76529938     0.72690047     0.55839021
     0.34721160     0.68622435     0.87809403     0.05706977     0.99828704
     0.97659049     0.74289680     0.38477595     0.57807463     0.06245739
     0.23490635     0.71099431     0.63164942     0.25840044     0.16877037
     0.78988183     0.94046090     0.74967434     0.30048356     0.76029740
     0.80416821     0.14151867     0.02067892     0.62880774     0.35465381
     0.52690525     0.69149288     0.99630295     0.29682619     0.93566145
     0.50288078     0.31484193     0.53763639     0.18529083     0.51339574
     0.88405386     0.80537067     0.72994703     0.94000045     0.77217985
     0.03831243     0.52870435     0.36282045     0.11831306     0.59164956
     0.75609707     0.57445781     0.22185784     0.40058883     0.80070608
     0.44476583     0.06822213     0.71933909     0.46772793     0.30063440
     0.76307906     0.81183306     0.66501252     0.05436179     0.18562285
     0.73829083     0.36511559     0.07868991     0.31888344     0.70126869
     0.43172350     0.16028129     0.71786948     0.28515828     0.60262106
     0.85390326     0.29303876     0.13427924     0.40479631     0.81024934
     0.10635447     0.06198079     0.13573813     0.41854197     0.49701497
     0.33085849     0.81692291     0.51925964     0.47446405     0.48751283
     0.10944293     0.63751018     0.19519957     0.18956636     0.06969015
     0.96440193     0.38341765     0.86754434     0.39223647     0.89786427
     0.35055280     0.62749961     0.29452122     0.39449784     0.64567830
     0.95716830     0.24822309     0.78200437     0.92546044     0.67464886
     0.18308746     0.15496587     0.02935411     0.62736159     0.11523955
     0.31590528     0.13107864     0.89786553     0.70102294     0.03292914
     0.25485590     0.09847044     0.82861691     0.62125866     0.08917183
     0.57638293     0.36845380     0.79192617     0.53989733     0.02180460
     0.82503407     0.14071852     0.19516575     0.24254998     0.04587026
     0.98713246     0.82920155     0.58719954     0.13497059     0.04328459
     0.14178757     0.95583809     0.20694291     0.35212760     0.36074305
     0.83163422     0.35739792     0.09908488     0.24566046     0.22157152
